"Region" "C1" "C2" "C3" "C4" "C5" "C6"
"1" "A" 80868 90918 46822 69976 82648 73898
"2" "A" 86437 93692 53879 60473 88559 79949
"3" "A" 80894 78927 56625 61775 80919 82719
"4" "A" 88106 92970 55595 65911 81373 68053
"5" "A" 87099 89719 50221 54646 78609 80090
"6" "A" 90793 89486 52938 61731 74115 75925
"7" "A" 82029 89703 56500 65816 80177 76733
"8" "A" 87485 92783 47556 58463 82823 81843
"9" "A" 83438 94406 52991 58940 82706 72353
"10" "A" 91165 99902 49164 56779 83849 77325
"11" "A" 96008 89804 54449 62140 77284 78944
"12" "A" 74975 97328 51766 72863 83378 74450
"13" "A" 87054 85330 44732 63457 78784 78006
"14" "A" 84372 87052 48157 61324 86890 70382
"15" "A" 86970 91665 56315 60479 82850 79335
"16" "A" 81287 96039 56802 65501 88934 80792
"17" "A" 77617 87134 44877 59633 77898 78211
"18" "A" 79445 90790 47727 70836 84584 82551
"19" "A" 85921 98411 47821 59692 88161 74747
"20" "A" 82963 88036 49400 60604 83471 77113
"21" "A" 81470 96715 49927 61102 80499 81563
"22" "A" 83632 89812 47592 60379 81301 75056
"23" "A" 86657 82408 52533 54318 79495 75359
"24" "A" 80740 89716 41428 67883 72675 75682
"25" "A" 78420 86246 61436 62087 74568 69797
"26" "A" 86251 89907 49410 57353 73563 72624
"27" "A" 89000 86894 44078 71346 83126 76807
"28" "A" 89292 94432 47904 73031 79725 70878
"29" "A" 83278 91038 62540 62529 83285 77614
"30" "A" 82330 89826 54938 72376 86137 84040
"31" "A" 77843 94919 52100 54664 83605 77206
"32" "A" 91323 86170 48849 57369 80114 80010
"33" "A" 80341 94152 44960 56760 88206 72921
"34" "A" 86060 88095 53047 70444 88933 76345
"35" "A" 72574 102488 54335 64707 80933 80551
"36" "A" 83178 92103 48999 55149 85939 85599
"37" "A" 82456 83734 54211 61776 72334 78011
"38" "A" 80848 88295 45217 71016 79344 69972
"39" "A" 84986 91316 46071 47555 77798 80853
"40" "A" 83701 89509 53804 56068 86484 77973
"41" "A" 87537 95171 52117 57606 86815 67999
"42" "A" 81276 88722 50169 67102 81681 80036
"43" "A" 83652 88762 54478 67731 68985 80864
"44" "A" 85874 87874 55755 60054 79578 82287
"45" "A" 92598 91350 48889 56054 79345 73301
"46" "A" 82705 91972 46741 75246 81780 83651
"47" "A" 72554 93705 44419 66599 82991 75962
"48" "A" 90621 86494 48097 56995 77659 82726
"49" "A" 86169 95026 49049 63882 82221 70869
"50" "A" 92892 90672 54828 66776 80747 76471
"51" "A" 88468 84764 60857 60082 89271 85561
"52" "A" 84415 92836 45877 63615 86218 78495
"53" "A" 81729 86721 50820 67346 78580 77395
"54" "A" 77529 92472 57540 69485 85074 68651
"55" "A" 86410 92281 49233 62852 76680 81396
"56" "B" 80364 79655 54163 68822 81329 87664
"57" "B" 86733 87522 54238 59352 86698 78683
"58" "B" 83231 86053 44676 54956 87580 83044
"59" "B" 86016 96937 63369 65386 84900 83036
"60" "B" 89889 90481 50132 61222 73405 83024
"61" "B" 69038 94070 52822 59850 82153 87061
"62" "B" 85392 90340 53137 55184 81056 85390
"63" "B" 77885 87156 50162 61958 83644 83271
"64" "B" 81180 96318 59813 67557 78384 84822
"65" "B" 87774 87217 45353 63724 73475 79944
"66" "B" 88620 90578 61458 63533 82449 79378
"67" "B" 89965 87725 52424 66326 88372 93478
"68" "B" 78985 85546 53919 60122 81167 82522
"69" "B" 89209 84012 54059 65263 88624 80139
"70" "B" 79460 90118 61089 60744 75850 92546
"71" "B" 89175 83948 55675 53203 85849 92062
"72" "B" 73814 83602 52794 58594 72834 86505
"73" "B" 74341 87375 58965 61009 87460 83871
"74" "B" 78762 90732 53831 70863 82909 88264
"75" "B" 83026 72460 49169 59879 84184 72286
"76" "B" 86808 84478 52236 54222 75731 84282
"77" "B" 84547 77011 50978 64679 80735 94827
"78" "B" 88229 90477 56024 63397 79470 87140
"79" "B" 89401 92917 51934 53906 82452 86204
"80" "B" 88755 80907 57822 63167 88970 83860
"81" "B" 80214 81766 53413 60189 94753 96233
"82" "B" 81166 82282 46135 64573 77547 95423
"83" "B" 77572 88056 75051 56455 84538 78466
"84" "B" 83738 83134 56387 60516 77084 84056
"85" "B" 86958 95470 49136 60752 88797 78429
"86" "B" 69357 82820 51164 62237 80981 85157
"87" "B" 79888 89371 54170 67951 79313 85453
"88" "B" 77576 88540 55761 53577 82279 89901
"89" "B" 85407 88216 50038 67846 83396 81741
"90" "B" 90210 83652 57517 68409 86011 82465
"91" "B" 79908 89276 58567 62093 89592 83671
"92" "B" 78499 90187 44991 63960 85485 82876
"93" "B" 76414 85525 63749 58282 71341 88061
"94" "B" 79493 84946 49923 61887 86506 81063
"95" "B" 78966 92983 54762 61200 79871 88502
"96" "B" 77029 91746 60029 59662 87242 88934
"97" "B" 84878 97624 46188 56175 76117 84838
"98" "B" 89923 95889 58441 66393 82276 86345
"99" "B" 83881 83695 54534 61326 89969 78815
"100" "B" 71428 91341 51919 59819 87524 80185
"101" "B" 80295 95012 58642 64711 82317 78316
"102" "B" 74517 86383 66009 63109 83822 85663
"103" "B" 80074 80506 69379 59882 81507 75038
"104" "B" 80760 86263 54722 53065 91923 92818
"105" "B" 85448 81996 59573 60768 81401 90813
"106" "B" 75861 84944 52344 62099 75136 80483
"107" "B" 85580 89826 51130 64796 70837 82298
"108" "B" 85565 84205 55818 54034 87239 74748
"109" "B" 80382 86224 56305 57883 92149 76850
"110" "B" 83271 72801 56012 64548 77576 87524
"111" "B" 83655 92382 51783 57147 74142 82388
"112" "B" 75306 90941 56356 72949 77211 89908
